2066986225148297535
2069713388503212129
2069763779127099853
2069800001530888613
2070499075569697171
2071599716358377755
2071977017474789557
2072693285491982715
2073415912686850206
2073580119000768531
2074268724266246550
2074973423864824192
2075755638458859960
2077045391556595935
2077106342678921306
2077770231129235615
2079355561599226113
2079411063603245287
2079799074325422343
2079914885488533995
2080007437470302237
2080669333253173732
2082172463689920953
2082799964741312788
2083219862172877285
2084569233598337386
2084610301606170764
2084629270714806587
2085017997588959636
2085412609596027093
2085933770105090138
2086075506953216210
2086105153409626451
2086277944339509721
2086823726755000727
2087104545768018055
2087851396716511327
2087888167865131131
2088546485982171432
2088625003210407997
2089362073021300852
2089809204051616082
2089816814108750100
2090504332420829242
2090770894000144430
2091096062056427612
2091223949099368797
2091347530722512984
2091396663718117706
2092990532809036151
2093700934333329587
2094118586147029070
2094398007622128080
2094470837206163756
2094477928407224538
2094704092870541493
2095178113537778133
2095486280843018393
2095489246408605743
2095491510397464627
2095608591940251677
2095672281003409696
2096056914031354275
2096951855272300753
2096989767191678986
2097287001267679266
2097519538632024103
2097656388918837390
2097698694296686623
2097717009551376824
2097974979610685710
2098078366892978587
2098608602692862035
2098845134326808734
2098947269579927739
2099006619988459985
2099131615712571468
2099186117769822462