2034419049468403912
2034514348237021219
2034532370653605938
2035169329487257901
2037321977233314268
2037784250758447153
2037828039120482544
2037958649893601471
2038464058781786202
2038880265829843342
2039142057248452827
2039649458053321178
2039700466800415005
2039704453784191201
2039883291311137235
2039975041904091349
2039976551123697941
2040021107260916040
2040035343215292706
2040202348325392463
2040202569520455722
2040249746476970207
2040317324822253842
2040667311309275223
2040919651408826713
2041214713506267623
2043312274262131001
2044351548822622388
2047881966268117064
2047922225353728189
2048600964102246438
2051549854120436096
2052576723078701302
2054172585622155531
2054939794682400779
2054995921746993161
2055912040481599793
2056102418119536667
2056246389223350369
2056562990028087478
2060534156808106401
2064739371710849130
2065479246479290412
2065811435892924604
2066554811265216553
2066887006068834541
2066986225148297535
2067243931348197858
2067291949317673361
2067359882051989767
2067362090872902052
2067593519556878592
2069255498231377927
2069713388503212129
2069763779127099853
2069800001530888613
2070499075569697171
2070552410498424846
2070754012253581720
2071346777635336700
2071599716358377755
2071977017474789557
2072693285491982715
2072796329420734746
2073415912686850206
2073528528956686685
2073580119000768531
2074146352745849020
2074268724266246550
2074854541535719457
2074973423864824192
2075192866553413944
2075370741378273434
2075482008440930315
2075750805580214477
2075755638458859960
2076523566334669214
2077045391556595935
2077106342678921306
2077770231129235615
2078469568209805580
2079162249231409246
2079319059158741173
2079355561599226113
2079393217150403053
2079411063603245287
2079799074325422343
2079914885488533995
2080007437470302237
2080007437470302237-b
2080007437470302237-c
2080007437470302237-d
2080043960601649251
2080406474334032074
2080669333253173732
2080776412429246758
2081024688319512697
2081856025863328154
2082172463689920953
2082580675656597595
2082656239780266487
2082678775217815997
2082799964741312788
2082943063631303018
2083014535481598410
2083031362756313410
2083219862172877285
2083313127354155337
2083706250370449572
2084569233598337386
2084610301606170764
2084629270714806587
2084650873880219929
2085017997588959636
2085085107635855851
2085412609596027093
2085933770105090138
2086075506953216210
2086105153409626451
2086277944339509721
2086510588381794503
2086789700816105924
2086823726755000727
2086980920343761232
2087104545768018055
2087215129288941765
2087270824633848280
2087554708101570682
2087649833939063086
2087809878450704709
2087851396716511327
2087888167865131131
2088243193976705325
2088353919017574690
2088546485982171432
2088625003210407997
2088736437654949998
2088758106482209267
2088987488832335979
2089033126953558018
2089362073021300852
2089366652198727984
2089378604996042868
2089443401695470006
2089465452397281464
2089481794944987566
2089725419830366360
2089809204051616082
2089816814108750100
2090091561506009588
2090230978547703913
2090408971744018837
2090504332420829242
2090679733805809696
2090770894000144430
2091080976004989048
2091096062056427612
2091190408298602986
2091223949099368797
2091347530722512984
2091396663718117706
2091657670881149144
2091754098777600023
2091793465742934350
2091925643802161314
2092215356290932871
2092281920704901537
2092365274049851720
2092628133274882286
2092990532809036151
2093011893472329971
2093293746943144067
2093364330985136572
2093700934333329587
2093907564765299104
2094118586147029070
2094398007622128080
2094470837206163756
2094477928407224538
2094539475347288152
2094704092870541493
2095106011539644772
2095178113537778133
2095257475037745493
2095279350128259364
2095486280843018393
2095489246408605743
2095491510397464627
2095565165202690407
2095608591940251677
2095622423324590308
2095672281003409696
2095840673530576995
2095848872350191826
2096056914031354275
2096109540924141746
2096207391549444273
2096298105213952178
2096576268334432459
2096728572195115292
2096914861813055625
2096951855272300753
2096989767191678986
2097091084061180368
2097145596561789407
2097253589647310851
2097287001267679266
2097412354090942883
2097519538632024103
2097558075230265654
2097656388918837390
2097698694296686623
2097714004223209608
2097717009551376824
2097974979610685710
2098078366892978587
2098113856245465474
2098152327605538994
2098336640997744921
2098379694240338135
2098411370815643837
2098426582322856234
2098533291817410872
2098608602692862035
2098628296380658028
2098766209839923543
2098845134326808734
2098895679896821788
2098947269579927739
2098994140310843550
2099006619988459985
2099091218349150212
2099131615712571468
2099139883524616693
2099144888033898752
2099186117769822462